Celdas analizadas: 328
Periodo: 2011-2026 (15 anios por celda)

--- 15 celdas mas frescas ---
 lat  lon provincia  dist_costa_km  indice_calor   d_tx32  d_tx35    tx_p99  noches_trop    at_p99    hx_p99  viento_dias_calidos
43.3 -8.9  A Coruña            1.9          13.7 0.000000     0.0 25.112215     0.333333 25.712154 31.100160             4.241894
43.3 -8.6  A Coruña            3.0          14.0 0.000000     0.0 26.250910     0.133333 27.091701 32.256526             3.438479
43.3 -8.5  A Coruña            3.4          14.5 0.000000     0.0 26.873001     0.200000 27.816711 33.009000             3.229074
43.0 -9.2  A Coruña            6.1          14.6 0.000000     0.0 25.158455     0.333333 25.357198 30.598643             5.051970
42.2 -6.9   Ourense          148.6          15.3 0.066667     0.0 28.866169     0.000000 26.502192 29.116968             1.612520
43.1 -9.2  A Coruña            0.8          15.8 0.000000     0.0 24.938246     0.266667 25.355441 30.684126             4.623135
43.6 -8.1  A Coruña            5.5          15.9 0.000000     0.0 26.142403     0.866667 26.829114 32.481812             3.604183
43.5 -7.5      Lugo           19.9          15.9 0.266667     0.0 27.532072     0.000000 28.750976 33.002259             1.495104
43.6 -8.2  A Coruña            0.8          16.1 0.000000     0.0 25.823675     0.933333 26.368469 32.215107             4.295823
42.2 -7.4   Ourense          107.5          16.2 0.266667     0.0 29.605762     0.000000 27.790182 30.672758             1.721325
43.3 -8.7  A Coruña            0.8          16.3 0.000000     0.0 25.753216     0.266667 26.557482 31.675630             3.774940
43.6 -8.0  A Coruña            9.9          16.4 0.000000     0.0 26.697868     0.600000 27.550522 32.844493             3.132349
43.7 -8.0  A Coruña            0.8          16.4 0.000000     0.0 26.105621     0.866667 26.851316 32.119428             3.605137
43.1 -9.1  A Coruña            6.6          16.5 0.000000     0.0 26.033585     0.333333 26.713259 31.870810             4.107131
42.7 -7.1      Lugo           95.9          16.5 0.600000     0.0 29.693636     0.000000 28.732261 31.840746             1.680016

--- 10 celdas mas calurosas ---
 lat  lon  provincia  dist_costa_km  indice_calor    d_tx32   d_tx35    tx_p99  noches_trop    at_p99    hx_p99  viento_dias_calidos
42.5 -7.5       Lugo           99.0          91.4  6.600000 1.133333 33.389339     0.733333 33.356468 37.130229             1.728141
41.9 -7.5    Ourense          107.2          92.5 10.800000 1.800000 34.135078     3.800000 33.093947 35.961569             1.599833
42.1 -8.4 Pontevedra           30.9          92.8  5.200000 0.866667 32.577866     3.066667 33.548455 37.800874             1.679751
42.3 -7.8    Ourense           74.3          93.2  6.933333 1.266667 33.382286     0.800000 33.249606 36.714626             1.647316
42.4 -7.9    Ourense           65.8          93.4  6.333333 1.200000 33.345661     0.866667 33.536352 37.305847             1.638773
42.5 -7.4       Lugo          107.1          93.6  7.466667 1.533333 33.507210     0.866667 33.426234 37.230697             1.723408
42.3 -8.1    Ourense           49.6          94.3  7.866667 1.533333 33.620937     2.133333 33.850407 37.987385             1.486606
42.3 -8.0    Ourense           57.8          95.5  9.600000 1.800000 33.978966     2.200000 34.384461 38.305100             1.504987
42.4 -8.0    Ourense           57.6          95.5  6.600000 1.266667 33.341091     1.333333 33.620564 37.755230             1.605741
42.3 -7.9    Ourense           66.1          96.1  8.400000 1.466667 33.735947     1.400000 33.985371 37.587812             1.574022

--- tendencia media en Galicia ---
  d_tx30_pend_decada             +3.37  (rango -1.25 a +16.32)
  d_tx30_salto_21_25             +2.40  (rango -1.30 a +11.00)
  d_tx32_pend_decada             +2.00  (rango -0.82 a +8.43)
  d_tx32_salto_21_25             +1.69  (rango -0.80 a +6.60)
  tx_p99_pend_decada             +1.11  (rango -0.63 a +1.96)
  tx_p99_salto_21_25             +0.84  (rango -0.48 a +1.67)
  tx_verano_pend_decada          +1.31  (rango +0.33 a +1.90)
  tx_verano_salto_21_25          +0.93  (rango +0.16 a +1.48)
  noches_trop_pend_decada        +0.87  (rango -0.11 a +5.61)
  noches_trop_salto_21_25        +0.81  (rango -0.50 a +5.60)
  at_p99_pend_decada             +1.61  (rango -0.24 a +2.72)
  at_p99_salto_21_25             +1.22  (rango -0.11 a +2.28)
